,val_loss,val_r2,val_mse,val_mae,val_mape
0,1.0174829959869385,-3.0664262771606445,1.0174829959869385,0.8693747520446777,4807.599609375
1,0.44394993782043457,-0.7913160920143127,0.44394993782043457,0.5361349582672119,3095.12548828125
2,0.13119067251682281,0.46552756428718567,0.13119067251682281,0.28382307291030884,1555.395751953125
3,0.10516444593667984,0.5679545402526855,0.10516444593667984,0.23921257257461548,970.141357421875
4,0.10392328351736069,0.5735803842544556,0.10392328351736069,0.2417316436767578,1539.8778076171875
5,0.10149490833282471,0.5870927572250366,0.10149490833282471,0.23036813735961914,817.0586547851562
6,0.09028996527194977,0.635614275932312,0.09028996527194977,0.2171834409236908,1578.16748046875
7,0.09403152763843536,0.6182059645652771,0.09403152763843536,0.22753466665744781,1113.6177978515625
8,0.07888741791248322,0.6727288961410522,0.07888741791248322,0.20011167228221893,1218.596923828125
9,0.07515932619571686,0.6984220147132874,0.07515932619571686,0.19262297451496124,940.1171264648438
10,0.07222769409418106,0.7076572179794312,0.07222769409418106,0.18555708229541779,1100.5870361328125
11,0.08184310793876648,0.6554503440856934,0.08184310793876648,0.20877596735954285,1121.2373046875
12,0.07969707250595093,0.6707970499992371,0.07969707250595093,0.2040424942970276,1349.0933837890625
13,0.06674670428037643,0.6919158101081848,0.06674670428037643,0.18279966711997986,1215.689208984375
14,0.06272410601377487,0.7433921694755554,0.06272410601377487,0.1714944690465927,988.3627319335938
15,0.05371565744280815,0.7844166159629822,0.05371565744280815,0.16010554134845734,1004.3472900390625
16,0.05810624733567238,0.7575488090515137,0.05810624733567238,0.17640970647335052,1039.743896484375
17,0.06565220654010773,0.7383213639259338,0.06565220654010773,0.1841707080602646,1123.93505859375
18,0.056490350514650345,0.7686671614646912,0.056490350514650345,0.16987890005111694,993.9935913085938
19,0.04716285318136215,0.8115312457084656,0.04716285318136215,0.15275625884532928,855.0809326171875
20,0.03840458765625954,0.8431473970413208,0.03840458765625954,0.13591355085372925,622.8530883789062
21,0.04051653668284416,0.8334921598434448,0.04051653668284416,0.14118540287017822,736.1321411132812
22,0.027847550809383392,0.886224627494812,0.027847550809383392,0.11966764181852341,499.8099670410156
23,0.023606671020388603,0.8611078262329102,0.023606671020388603,0.11093329638242722,383.8017883300781
24,0.021232809871435165,0.9124456644058228,0.021232809871435165,0.10246002674102783,414.5782165527344
25,0.01767904683947563,0.9262797236442566,0.01767904683947563,0.09484919160604477,465.1492614746094
26,0.014920356683433056,0.9399679899215698,0.014920356683433056,0.08548200130462646,319.97027587890625
27,0.016223523765802383,0.932378351688385,0.016223523765802383,0.08845695108175278,475.1459045410156
28,0.011425785720348358,0.952517569065094,0.011425785720348358,0.07716088742017746,336.6916809082031
29,0.011112038977444172,0.9549511671066284,0.011112038977444172,0.07507316023111343,356.5387878417969
30,0.008696313947439194,0.9643869400024414,0.008696313947439194,0.06451793015003204,290.7525634765625
31,0.011594097130000591,0.9518550038337708,0.011594097130000591,0.0727694034576416,350.6046447753906
32,0.008656109683215618,0.9643813967704773,0.008656109683215618,0.06366055458784103,236.75440979003906
33,0.007148285396397114,0.9706968069076538,0.007148285396397114,0.059161990880966187,248.9413604736328
34,0.007178669795393944,0.9697524905204773,0.007178669795393944,0.060020722448825836,207.84072875976562
35,0.008118578232824802,0.9646440148353577,0.008118578232824802,0.06065400689840317,283.2333068847656
36,0.00810327474027872,0.9676632881164551,0.00810327474027872,0.06057452782988548,248.86573791503906
37,0.0061273034662008286,0.9751894474029541,0.0061273034662008286,0.0546375997364521,207.19146728515625
38,0.006187779828906059,0.9745680093765259,0.006187779828906059,0.05616690590977669,241.76861572265625
39,0.005777991376817226,0.9768766164779663,0.005777991376817226,0.053704116493463516,214.30003356933594
40,0.005905190482735634,0.975541889667511,0.005905190482735634,0.055219002068042755,240.06285095214844
41,0.0058531733229756355,0.9760527014732361,0.0058531733229756355,0.0534677654504776,180.12960815429688
42,0.005641058087348938,0.9770303964614868,0.005641058087348938,0.05461573228240013,282.18121337890625
43,0.0048373183235526085,0.9802928566932678,0.0048373183235526085,0.048677947372198105,212.665771484375
44,0.005419502034783363,0.9780355095863342,0.005419502034783363,0.05338830500841141,205.11231994628906
45,0.004498688969761133,0.9810463786125183,0.004498688969761133,0.0471494123339653,216.81594848632812
46,0.004608384799212217,0.9814828634262085,0.004608383867889643,0.04763662815093994,241.23281860351562
47,0.005679598543792963,0.9765235185623169,0.005679598543792963,0.05351275950670242,206.83541870117188
48,0.004111692309379578,0.9829400181770325,0.004111692309379578,0.04524556174874306,211.64248657226562
49,0.0042233592830598354,0.982799232006073,0.0042233592830598354,0.04569726809859276,164.38380432128906
