,train_loss,train_r2,train_mse,train_mae,train_mape,val_loss,val_r2,val_mse,val_mae,val_mape
0,0.06455986201763153,-0.23070572316646576,0.06455986201763153,0.201454758644104,1797.1651611328125,0.16452808678150177,-2.1683719158172607,0.16452808678150177,0.3266358971595764,573.1856689453125
1,0.0276938546448946,0.47753822803497314,0.0276938546448946,0.1278010606765747,849.6212158203125,0.1591138392686844,-2.05975079536438,0.1591138392686844,0.32806944847106934,1202.7442626953125
2,0.023712532594799995,0.5468268394470215,0.023712532594799995,0.1150539219379425,683.815185546875,0.11129236966371536,-1.1372064352035522,0.11129236966371536,0.26256856322288513,397.7208251953125
3,0.021302195265889168,0.5932438969612122,0.021302195265889168,0.10797905176877975,628.350830078125,0.11056356132030487,-1.1172808408737183,0.11056356132030487,0.2645365595817566,948.0798950195312
4,0.019788691774010658,0.6217204928398132,0.019788691774010658,0.1032523661851883,556.37890625,0.11510521173477173,-1.2526451349258423,0.11510521173477173,0.26967108249664307,911.0050048828125
5,0.018717046827077866,0.6375154256820679,0.018717046827077866,0.10013813525438309,532.0001831054688,0.0922597199678421,-0.7536908984184265,0.0922597199678421,0.2471468597650528,1138.718994140625
6,0.017510270699858665,0.6658366918563843,0.017510270699858665,0.0967855155467987,608.0740966796875,0.10840785503387451,-1.0894232988357544,0.10840785503387451,0.2688468396663666,1333.328369140625
7,0.0171892698854208,0.6704151034355164,0.0171892698854208,0.09651092439889908,639.2468872070312,0.058700889348983765,-0.1522088646888733,0.058700889348983765,0.18017689883708954,685.167236328125
8,0.014667276293039322,0.7160599231719971,0.014667276293039322,0.08853507786989212,555.6871948242188,0.054578132927417755,-0.042706333100795746,0.054578132927417755,0.17469485104084015,688.2915649414062
9,0.013483003713190556,0.7411697506904602,0.013483003713190556,0.08547656238079071,517.68896484375,0.04968647658824921,0.05578925833106041,0.04968647658824921,0.16995905339717865,689.531494140625
10,0.013054274022579193,0.7474664449691772,0.013054274022579193,0.08309035748243332,439.17169189453125,0.049482084810733795,0.05611864849925041,0.049482084810733795,0.173053577542305,512.2730712890625
11,0.012442183680832386,0.7577919960021973,0.012442183680832386,0.08221855759620667,469.73095703125,0.0333353690803051,0.3575085997581482,0.0333353690803051,0.13510273396968842,488.5089111328125
12,0.010187268257141113,0.8033576011657715,0.010187268257141113,0.07484108954668045,416.6846618652344,0.031682487577199936,0.39322057366371155,0.031682487577199936,0.13315321505069733,363.9144592285156
13,0.009609384462237358,0.8127740025520325,0.009609384462237358,0.07231812924146652,452.70184326171875,0.030077921226620674,0.40805113315582275,0.030077921226620674,0.13041044771671295,434.3609924316406
14,0.008896846324205399,0.826766312122345,0.008896846324205399,0.06964247673749924,396.1622314453125,0.03298381343483925,0.36212781071662903,0.03298381343483925,0.13879285752773285,518.2122192382812
15,0.009015246294438839,0.8266988396644592,0.009015246294438839,0.06995659321546555,421.1413879394531,0.027728671208024025,0.4656156897544861,0.027728671208024025,0.12366309762001038,416.57171630859375
16,0.007887228392064571,0.8460903167724609,0.007887228392064571,0.06556610763072968,384.56988525390625,0.02387077361345291,0.5358641743659973,0.02387077361345291,0.1168351098895073,292.29901123046875
17,0.0073620909824967384,0.8564627170562744,0.0073620909824967384,0.0633254125714302,376.0868835449219,0.017901292070746422,0.6630632877349854,0.017901292070746422,0.09501431882381439,269.82763671875
18,0.006734084337949753,0.8688178062438965,0.006734084337949753,0.06060778722167015,317.85595703125,0.019843611866235733,0.619955837726593,0.019843611866235733,0.10702964663505554,252.24322509765625
19,0.0063447789289057255,0.8771238923072815,0.0063447789289057255,0.05814396217465401,290.5584411621094,0.016346335411071777,0.699549674987793,0.016346335411071777,0.08942286670207977,94.23296356201172
20,0.005991459358483553,0.8816191554069519,0.005991459358483553,0.056777309626340866,247.0659942626953,0.014475577510893345,0.7248873114585876,0.014475577510893345,0.08613010495901108,125.72159576416016
21,0.005737985484302044,0.8894213438034058,0.005737985484302044,0.05524110794067383,227.54466247558594,0.012926562689244747,0.7568617463111877,0.012926562689244747,0.08284660428762436,105.28776550292969
22,0.005353284068405628,0.8954527378082275,0.005353284068405628,0.05326734110713005,231.33946228027344,0.012448961846530437,0.7635685801506042,0.012448961846530437,0.07796505838632584,129.2692413330078
23,0.005121941212564707,0.9008309245109558,0.005121941212564707,0.05208701267838478,221.32015991210938,0.012074853293597698,0.7692205905914307,0.012074853293597698,0.08061835169792175,130.2716827392578
24,0.004608530551195145,0.9103641510009766,0.004608530551195145,0.049837738275527954,210.91928100585938,0.010568358935415745,0.800909698009491,0.010568358935415745,0.07453840225934982,76.31932067871094
25,0.00471547432243824,0.9088165163993835,0.00471547432243824,0.04974064230918884,211.95652770996094,0.009431583806872368,0.8217025995254517,0.009431583806872368,0.06879820674657822,179.76734924316406
26,0.004534256644546986,0.9121860265731812,0.004534256644546986,0.04876555874943733,193.16038513183594,0.008931507356464863,0.800828754901886,0.008931507356464863,0.06925871223211288,115.68060302734375
27,0.004311627708375454,0.9151663184165955,0.004311627708375454,0.04750848934054375,191.46803283691406,0.010330303572118282,0.8069638013839722,0.010330303572118282,0.07686854898929596,195.98110961914062
28,0.004439463373273611,0.9145315289497375,0.004439463373273611,0.04813465476036072,182.7505340576172,0.008944771252572536,0.8252009749412537,0.008944771252572536,0.06957564502954483,76.14920806884766
29,0.0039634439162909985,0.9235895276069641,0.0039634439162909985,0.04600369557738304,166.18392944335938,0.00813846755772829,0.8451614379882812,0.00813846755772829,0.06413061171770096,84.51355743408203
30,0.003866780549287796,0.9251594543457031,0.003866780549287796,0.04493613541126251,174.42562866210938,0.007038353011012077,0.8655839562416077,0.007038353011012077,0.06033756583929062,89.75708770751953
31,0.003793268231675029,0.9260022044181824,0.003793268231675029,0.044437482953071594,167.6529083251953,0.008437899872660637,0.8409377336502075,0.008437899872660637,0.06489133089780807,116.20771026611328
32,0.008148501627147198,0.8429125547409058,0.008148501627147198,0.060416966676712036,277.2773132324219,0.01087715569883585,0.7829163074493408,0.01087715569883585,0.06952827423810959,77.60175323486328
33,0.004471905995160341,0.9125884175300598,0.004471905995160341,0.04812708869576454,182.17279052734375,0.007274042349308729,0.8627912402153015,0.007274042349308729,0.060539670288562775,141.58401489257812
34,0.0035615277010947466,0.9305465817451477,0.0035615277010947466,0.0434185191988945,176.3325653076172,0.007250739727169275,0.8624089956283569,0.007250739727169275,0.06353610754013062,94.67292785644531
35,0.003510266076773405,0.9311076998710632,0.003510266076773405,0.042838163673877716,156.6315460205078,0.006423027254641056,0.8778241872787476,0.006423027254641056,0.057674575597047806,97.44187927246094
36,0.0032961927354335785,0.9364743232727051,0.0032961927354335785,0.04146139696240425,153.0734405517578,0.005120099056512117,0.9042892456054688,0.005120099056512117,0.05291178077459335,81.18182373046875
37,0.0030579648446291685,0.9408324360847473,0.0030579648446291685,0.04012855887413025,151.43629455566406,0.005809857044368982,0.8903160691261292,0.005809857044368982,0.05573715269565582,52.60048294067383
38,0.0031166281551122665,0.939025342464447,0.0031166281551122665,0.040417227894067764,148.19223022460938,0.006058246362954378,0.8838093876838684,0.006058246362954378,0.057860177010297775,40.26445007324219
39,0.0031047614756971598,0.940156102180481,0.0031047614756971598,0.03986256197094917,149.6108856201172,0.004962527193129063,0.9060506224632263,0.004962527193129063,0.05161077529191971,69.02346801757812
40,0.0029958090744912624,0.942223846912384,0.0029958090744912624,0.0395660400390625,150.6242218017578,0.004809486214071512,0.9093281626701355,0.004809486214071512,0.049549493938684464,56.356258392333984
41,0.002856928389519453,0.944057822227478,0.002856928389519453,0.03905760124325752,146.02346801757812,0.004852902609854937,0.9087950587272644,0.004852902609854937,0.051960378885269165,115.22118377685547
42,0.002643187064677477,0.9489862322807312,0.002643187064677477,0.037337303161621094,135.9081268310547,0.004135230556130409,0.9187784790992737,0.004135230556130409,0.046484824270009995,28.716737747192383
43,0.002792394021525979,0.9453200101852417,0.002792394021525979,0.038176823407411575,132.80162048339844,0.005481204483658075,0.8963407278060913,0.005481204483658075,0.05327944457530975,52.28038787841797
44,0.003065505065023899,0.9403266906738281,0.003065505065023899,0.03888747841119766,142.12940979003906,0.009548688307404518,0.8232461214065552,0.009548688307404518,0.059300247579813004,77.25909423828125
45,0.0031591542065143585,0.9385167360305786,0.0031591542065143585,0.040054529905319214,158.24440002441406,0.004313579760491848,0.9181016087532043,0.004313579760491848,0.046239230781793594,46.25917434692383
46,0.002583349123597145,0.9495061039924622,0.002583349123597145,0.03680047392845154,110.81464385986328,0.0037850479129701853,0.9280405640602112,0.0037850479129701853,0.044614095240831375,90.41839599609375
47,0.0024483748711645603,0.9521487355232239,0.0024483748711645603,0.036002419888973236,120.33658599853516,0.0037821726873517036,0.9287639260292053,0.0037821726873517036,0.04454754665493965,70.87024688720703
48,0.002419627970084548,0.9532197713851929,0.002419627970084548,0.03550565242767334,125.6429672241211,0.004066842142492533,0.923453152179718,0.004066842142492533,0.04604943469166756,56.18683624267578
49,0.0024598564486950636,0.9525759816169739,0.0024598564486950636,0.03581751883029938,121.2253189086914,0.0033502127043902874,0.936567485332489,0.0033502127043902874,0.041077569127082825,49.307491302490234
50,0.002315975958481431,0.9548513889312744,0.002315975958481431,0.035278063267469406,134.4027099609375,0.0033778927754610777,0.9375811219215393,0.0033778923097997904,0.04294457286596298,82.41104888916016
51,0.002292401622980833,0.9551085233688354,0.002292401622980833,0.03490610048174858,121.42597961425781,0.0034893942065536976,0.9313158392906189,0.0034893942065536976,0.04488116502761841,75.91780853271484
52,0.00219082017429173,0.958042562007904,0.00219082017429173,0.03417546674609184,108.16445922851562,0.003398480825126171,0.9352530837059021,0.003398480825126171,0.0427263043820858,47.552371978759766
53,0.002153774257749319,0.9583396911621094,0.002153774257749319,0.0338476300239563,129.18804931640625,0.003021297976374626,0.9433138370513916,0.003021297976374626,0.0398346483707428,62.92858123779297
54,0.002123685786500573,0.9585936665534973,0.002123685786500573,0.033552058041095734,122.93818664550781,0.0034910920076072216,0.9335704445838928,0.0034910920076072216,0.04263469576835632,48.805171966552734
55,0.0021378626115620136,0.9585020542144775,0.0021378626115620136,0.033609602600336075,125.6583023071289,0.003395104082301259,0.9356265068054199,0.003395104082301259,0.04158025234937668,42.81477737426758
56,0.0024274697061628103,0.9528284072875977,0.0024274697061628103,0.03521005064249039,125.86573791503906,0.0035676658153533936,0.9331399202346802,0.0035676658153533936,0.043275028467178345,40.30347442626953
57,0.0020206302870064974,0.960742712020874,0.0020206302870064974,0.032639600336551666,106.2698745727539,0.002835499122738838,0.9471206665039062,0.002835499122738838,0.03881771117448807,39.10920333862305
58,0.0020803199149668217,0.9591591358184814,0.0020803199149668217,0.033130545169115067,127.55256652832031,0.0030959818977862597,0.9418602585792542,0.0030959818977862597,0.040282852947711945,54.67391586303711
59,0.0019427690422162414,0.9625206589698792,0.0019427690422162414,0.032181914895772934,111.01886749267578,0.002947473432868719,0.9451307654380798,0.002947473432868719,0.03915606066584587,63.63682174682617
60,0.002177577232941985,0.95830899477005,0.002177577232941985,0.03309903293848038,129.091796875,0.0029612190555781126,0.9449473023414612,0.0029612190555781126,0.038858562707901,36.43788528442383
61,0.002051058690994978,0.9604647159576416,0.002051058690994978,0.032720159739255905,107.76807403564453,0.002633921569213271,0.948172390460968,0.002633921569213271,0.03697073459625244,39.68064880371094
62,0.0019224827410653234,0.9629259705543518,0.0019224827410653234,0.0319419726729393,121.08979034423828,0.0026623066514730453,0.9497717618942261,0.0026623066514730453,0.03767049312591553,78.33641815185547
63,0.001892869477160275,0.9633710384368896,0.001892869477160275,0.03165052831172943,125.05440521240234,0.002612045733258128,0.9501542448997498,0.002612045733258128,0.03744262829422951,52.442604064941406
64,0.001836639130488038,0.964266836643219,0.001836639130488038,0.03118951804935932,121.04505920410156,0.0026859110221266747,0.9509764313697815,0.0026859110221266747,0.0374373160302639,40.91962814331055
65,0.0022061518393456936,0.957088053226471,0.0022061518393456936,0.03280898183584213,159.66224670410156,0.0037604987155646086,0.921822726726532,0.0037604987155646086,0.04187297075986862,62.786659240722656
66,0.002015114761888981,0.9605050683021545,0.002015114761888981,0.03223023563623428,118.2643814086914,0.0028228857554495335,0.9465150237083435,0.0028228857554495335,0.03852693364024162,50.21394348144531
67,0.0018163322238251567,0.964860737323761,0.0018163322238251567,0.03105248510837555,111.99510192871094,0.002299314131960273,0.9578480124473572,0.002299314131960273,0.03481440246105194,58.74555587768555
68,0.001803054241463542,0.9648436307907104,0.001803054241463542,0.030659671872854233,113.01599884033203,0.0025648344308137894,0.9504073858261108,0.0025648344308137894,0.03659582510590553,68.44078826904297
69,0.0017832405865192413,0.9655359387397766,0.0017832405865192413,0.03035726211965084,95.97105407714844,0.0022052363492548466,0.9579745531082153,0.0022052363492548466,0.033374495804309845,46.88059616088867
70,0.0018716584891080856,0.9636107087135315,0.0018716584891080856,0.03079221025109291,114.3787612915039,0.00275404192507267,0.9484373331069946,0.00275404192507267,0.03785156086087227,36.81800079345703
71,0.001718650572001934,0.9663535356521606,0.001718650572001934,0.030021818354725838,94.44027709960938,0.002391449175775051,0.9547573328018188,0.002391449175775051,0.03509359806776047,39.037479400634766
72,0.001693134312517941,0.9666780233383179,0.001693134312517941,0.02986016310751438,116.33220672607422,0.0023826388642191887,0.955053985118866,0.0023826388642191887,0.03617541119456291,59.99695587158203
73,0.001696298480965197,0.9670184254646301,0.001696298480965197,0.02958553098142147,104.09674072265625,0.002308047842234373,0.9564318656921387,0.002308047842234373,0.03472811356186867,53.00144958496094
74,0.001646034768782556,0.9682114124298096,0.001646034768782556,0.029529821127653122,92.12126159667969,0.0023229550570249557,0.9566218256950378,0.0023229550570249557,0.03590024635195732,38.64588928222656
75,0.0016834888374432921,0.9673885703086853,0.0016834888374432921,0.029808996245265007,104.67558288574219,0.0021725259721279144,0.9585983753204346,0.0021725259721279144,0.033940933644771576,45.96199417114258
76,0.0016969990683719516,0.9673213958740234,0.0016969990683719516,0.029550135135650635,84.36721801757812,0.0025693655479699373,0.948483407497406,0.0025693655479699373,0.03465079143643379,39.964420318603516
77,0.001574210007674992,0.9692102670669556,0.001574210007674992,0.028890805318951607,126.86443328857422,0.0020965018775314093,0.9607806205749512,0.0020965018775314093,0.03326129913330078,47.375633239746094
78,0.0015603617066517472,0.9699116945266724,0.0015603617066517472,0.028726374730467796,85.93142700195312,0.0021112090907990932,0.9600480198860168,0.0021112090907990932,0.032495781779289246,55.04472351074219
79,0.0015068663051351905,0.9707905650138855,0.0015068663051351905,0.02847176603972912,102.21906280517578,0.0020277914591133595,0.9624038338661194,0.0020277914591133595,0.033251576125621796,64.29430389404297
80,0.0015585541259497404,0.9697695374488831,0.0015585541259497404,0.02860266901552677,94.18728637695312,0.001971680670976639,0.9629896283149719,0.001971680670976639,0.03231506422162056,41.72616195678711
81,0.00149344012606889,0.970841109752655,0.00149344012606889,0.028278863057494164,92.54682159423828,0.0020496274810284376,0.9617563486099243,0.0020496274810284376,0.03299476206302643,73.9554443359375
82,0.001592502580024302,0.9694490432739258,0.001592502580024302,0.02866712212562561,105.47174835205078,0.0023578295949846506,0.9552811980247498,0.0023578295949846506,0.03395587578415871,49.60928726196289
83,0.0020633034873753786,0.9595303535461426,0.0020633034873753786,0.030625415965914726,101.32670593261719,0.002150916261598468,0.9601589441299438,0.002150916261598468,0.03307250887155533,43.63199234008789
84,0.0016265885205939412,0.9688177108764648,0.0016265885205939412,0.028947655111551285,97.65299987792969,0.0020972806960344315,0.9611576199531555,0.0020972806960344315,0.03296999633312225,50.31813049316406
85,0.0016400802414864302,0.9682537913322449,0.0016400802414864302,0.028637243434786797,93.64824676513672,0.001977411564439535,0.9624410271644592,0.001977411564439535,0.03248372673988342,38.050865173339844
86,0.0015014951350167394,0.9708487391471863,0.0015014951350167394,0.028061695396900177,90.61554718017578,0.001828123815357685,0.9658109545707703,0.001828123815357685,0.030816107988357544,42.300174713134766
87,0.0014237186405807734,0.9724596738815308,0.0014237186405807734,0.0276012122631073,89.51163482666016,0.002078158548101783,0.961209774017334,0.002078158548101783,0.03414789214730263,45.4025993347168
88,0.0013839906314387918,0.9733089208602905,0.0013839906314387918,0.02700972557067871,90.1942138671875,0.0018789495807141066,0.9652225971221924,0.001878949347883463,0.03157447278499603,65.43378448486328
89,0.001379727153107524,0.9734340310096741,0.001379727153107524,0.026993166655302048,93.62641143798828,0.001897738897241652,0.9629835486412048,0.001897738897241652,0.03224582225084305,47.05103302001953
90,0.0013913667062297463,0.9730257391929626,0.0013913667062297463,0.027076691389083862,101.68148803710938,0.0017395528266206384,0.9678698182106018,0.0017395528266206384,0.030509894713759422,56.97593307495117
91,0.001411858364008367,0.9729360938072205,0.001411858364008367,0.027250338345766068,106.64151000976562,0.0018669216660782695,0.9649004936218262,0.0018669216660782695,0.030792783945798874,110.62393951416016
92,0.0014234601985663176,0.9726858139038086,0.0014234601985663176,0.027210233733057976,94.731201171875,0.0018507135100662708,0.9651367664337158,0.0018507135100662708,0.03142232447862625,34.068092346191406
93,0.0013978470815345645,0.9732943773269653,0.0013978470815345645,0.026740891858935356,91.00225830078125,0.0027827590238302946,0.9439685940742493,0.0027827590238302946,0.034284189343452454,43.63723373413086
94,0.0013597630895674229,0.9735415577888489,0.0013597630895674229,0.02690798044204712,101.92904663085938,0.0016711765201762319,0.9685043096542358,0.0016711765201762319,0.0296365637332201,39.7201042175293
95,0.0013203250709921122,0.9742910265922546,0.0013203250709921122,0.02632477506995201,82.83878326416016,0.001682622591033578,0.968368649482727,0.001682622591033578,0.029068537056446075,30.91558837890625
96,0.0013629082823172212,0.9737431406974792,0.0013629082823172212,0.026606889441609383,86.52941131591797,0.0016677348176017404,0.968660831451416,0.0016677348176017404,0.030268846079707146,56.68950271606445
97,0.0013203282142058015,0.9746193885803223,0.0013203282142058015,0.0266523789614439,93.31155395507812,0.0014512999914586544,0.9734171628952026,0.0014512997586280107,0.02737594023346901,56.07276153564453
98,0.0012895710533484817,0.9749537706375122,0.0012895710533484817,0.026254763826727867,98.58721160888672,0.0015599983744323254,0.9705420732498169,0.0015599983744323254,0.029166854918003082,51.73924255371094
99,0.0012775982031598687,0.9752442240715027,0.0012775982031598687,0.026056744158267975,94.78590393066406,0.001590393134392798,0.9703738689422607,0.001590393134392798,0.029248476028442383,76.47105407714844
